-1.889126800000000017e+01 -1.816191200000000094e+01 -1.883262399999999914e+01 -1.997118700000000047e+01 -1.754248400000000174e+01 -1.293216900000000003e+01 -7.646016999999999619e+00 -6.635324999999999918e+00 -6.776010999999999562e+00 -7.018208999999999698e+00 -7.215701000000000143e+00 -7.061585000000000001e+00 -7.037512999999999685e+00 -7.217745999999999995e+00
-1.860785999999999873e+01 -1.789225000000000065e+01 -1.862110900000000058e+01 -1.903537000000000035e+01 -1.581003899999999973e+01 -1.104593999999999987e+01 -7.171204000000000356e+00 -6.871859999999999857e+00 -7.093484000000000123e+00 -7.440787000000000262e+00 -7.399373999999999896e+00 -6.948298000000000307e+00 -6.967261999999999844e+00 -7.306036999999999892e+00
-1.861914300000000111e+01 -1.934049999999999869e+01 -1.931071800000000138e+01 -1.752683700000000044e+01 -1.287329399999999957e+01 -8.470745000000000857e+00 -6.861526999999999710e+00 -5.891599000000000252e+00 -7.458136999999999794e+00 -7.352195000000000036e+00 -7.103347000000000300e+00 -6.704946999999999768e+00 -6.681530000000000413e+00 -7.202143999999999657e+00
-2.027723800000000054e+01 -2.105562600000000018e+01 -1.932556399999999996e+01 -1.567012500000000053e+01 -1.027309999999999945e+01 -6.752791000000000210e+00 -6.531533999999999729e+00 -7.059410999999999881e+00 -7.253152000000000044e+00 -6.964845999999999648e+00 -6.806719000000000186e+00 -6.643932999999999645e+00 -6.566403000000000212e+00 -7.070128000000000412e+00
-2.329747100000000160e+01 -2.248160100000000128e+01 -1.751532600000000173e+01 -1.272673600000000071e+01 -6.910336000000000034e+00 -6.164418000000000397e+00 -6.161089999999999733e+00 -6.771505999999999581e+00 -6.713039000000000200e+00 -6.658565000000000289e+00 -6.631160999999999639e+00 -6.709450000000000358e+00 -6.652086999999999861e+00 -7.072574999999999612e+00
-2.399765899999999874e+01 -2.042385900000000021e+01 -1.363170799999999971e+01 -9.062495999999999441e+00 -6.271556000000000353e+00 -6.503497000000000305e+00 -6.777665999999999968e+00 -6.636377999999999666e+00 -6.451895000000000380e+00 -6.389091999999999771e+00 -6.826726999999999990e+00 -7.010009000000000157e+00 -7.085031999999999996e+00 -7.195702999999999960e+00
-2.053280300000000125e+01 -1.635296900000000164e+01 -9.748801000000000272e+00 -6.672221999999999653e+00 -6.056435999999999709e+00 -6.887851999999999641e+00 -7.130607999999999613e+00 -6.921287000000000411e+00 -6.614162999999999570e+00 -6.703791999999999973e+00 -6.945937999999999946e+00 -7.119676000000000116e+00 -7.372624000000000066e+00 -7.165367999999999959e+00
-1.610968099999999836e+01 -1.295289999999999964e+01 -8.877777999999999281e+00 -6.316443999999999726e+00 -5.885165999999999897e+00 -6.361024999999999707e+00 -6.432294999999999874e+00 -6.780943999999999861e+00 -6.682049000000000127e+00 -6.696481000000000350e+00 -6.908114000000000310e+00 -7.182831000000000188e+00 -7.318463999999999636e+00 -7.073705999999999605e+00
-1.385173400000000044e+01 -1.196357800000000005e+01 -9.017943999999999960e+00 -6.777110999999999663e+00 -5.892110999999999876e+00 -6.370330000000000048e+00 -7.029281000000000112e+00 -6.860910999999999760e+00 -6.462144999999999584e+00 -6.379728000000000065e+00 -6.502075999999999745e+00 -7.043430999999999997e+00 -7.268232000000000248e+00 -7.175874000000000308e+00
-1.288154499999999913e+01 -1.210601899999999986e+01 -9.681594000000000477e+00 -6.968556000000000417e+00 -5.928333000000000297e+00 -6.218460999999999572e+00 -6.719092999999999982e+00 -6.512484999999999857e+00 -6.201011000000000273e+00 -6.350999999999999979e+00 -6.570303000000000004e+00 -6.946051999999999893e+00 -7.288861999999999952e+00 -7.513918999999999571e+00
-1.180491100000000060e+01 -1.204709099999999999e+01 -8.886469999999999203e+00 -7.200777999999999679e+00 -5.457778000000000240e+00 -5.730555999999999983e+00 -6.302692000000000405e+00 -6.365905999999999842e+00 -6.106461999999999612e+00 -6.302531000000000105e+00 -6.541267999999999638e+00 -6.528291000000000288e+00 -6.961983000000000033e+00 -7.570115000000000371e+00
-1.124575199999999953e+01 -1.130994699999999931e+01 -9.467249999999999943e+00 -7.396333000000000268e+00 -6.215556000000000303e+00 -6.066333000000000197e+00 -6.124192999999999998e+00 -6.431455999999999840e+00 -6.103193000000000090e+00 -6.211505999999999972e+00 -6.411226000000000091e+00 -6.350685000000000358e+00 -6.429238999999999926e+00 -7.347942999999999891e+00
-1.190621600000000058e+01 -1.202818300000000029e+01 -9.294036000000000186e+00 -7.149778000000000411e+00 -6.055111000000000132e+00 -6.165888999999999953e+00 -6.006466999999999778e+00 -6.206712999999999703e+00 -6.140094999999999636e+00 -6.245777999999999608e+00 -6.514000000000000234e+00 -6.383111000000000423e+00 -6.310599999999999987e+00 -7.250628999999999991e+00
-1.383447999999999922e+01 -1.267271599999999943e+01 -9.552068999999999477e+00 -7.469889000000000223e+00 -6.165110999999999564e+00 -6.171667000000000236e+00 -6.107667000000000179e+00 -6.233565999999999718e+00 -6.283106000000000080e+00 -6.313556000000000168e+00 -6.532110999999999557e+00 -6.567745000000000388e+00 -6.646752000000000216e+00 -7.115489000000000175e+00
