-5.825332999999999650e+00 -5.898085000000000022e+00 -6.083555999999999742e+00 -6.081667000000000378e+00 -6.119778000000000162e+00 -6.211110999999999827e+00 -6.178111000000000352e+00 -6.178778000000000326e+00 -6.270110999999999990e+00 -6.174000000000000377e+00
-5.911743999999999666e+00 -5.808633999999999631e+00 -5.842332999999999998e+00 -6.100333000000000006e+00 -6.170111000000000345e+00 -6.280110999999999777e+00 -6.215888999999999776e+00 -6.170666999999999902e+00 -6.257888999999999591e+00 -6.255888999999999811e+00
-5.956349999999999589e+00 -6.088719000000000214e+00 -5.955000000000000071e+00 -6.100111000000000061e+00 -6.256110999999999756e+00 -6.255221999999999838e+00 -6.234333000000000347e+00 -6.191333000000000197e+00 -6.255778000000000283e+00 -6.168889000000000067e+00
-6.020220000000000127e+00 -6.052494000000000263e+00 -6.005333000000000254e+00 -6.122556000000000331e+00 -6.191666999999999810e+00 -6.132221999999999618e+00 -6.166222000000000314e+00 -6.207333000000000212e+00 -6.240667000000000186e+00 -6.198110999999999926e+00
-6.179484999999999673e+00 -6.132393999999999679e+00 -5.977394999999999570e+00 -5.961222000000000243e+00 -6.006889000000000145e+00 -6.079111000000000153e+00 -6.089889000000000330e+00 -6.146333000000000268e+00 -6.154666999999999888e+00 -6.055888999999999633e+00
-6.396435000000000315e+00 -6.337612000000000023e+00 -6.322999000000000258e+00 -6.252672999999999703e+00 -6.027012000000000036e+00 -6.029333000000000276e+00 -6.047221999999999653e+00 -6.038332999999999728e+00 -6.124096999999999902e+00 -6.315279999999999561e+00
-6.616731999999999836e+00 -6.838858000000000104e+00 -6.308595000000000397e+00 -6.593041999999999625e+00 -6.292462000000000444e+00 -6.150064000000000419e+00 -6.124333000000000027e+00 -6.181667000000000023e+00 -5.881444000000000116e+00 -6.428469999999999906e+00
-6.319698999999999955e+00 -6.167949000000000126e+00 -6.521658999999999651e+00 -6.809466999999999715e+00 -6.413231999999999822e+00 -6.321433999999999997e+00 -6.128663999999999668e+00 -6.185556000000000054e+00 -5.877556000000000225e+00 -6.341274000000000299e+00
-6.282741999999999827e+00 -6.432360000000000078e+00 -6.441685999999999801e+00 -6.330053999999999625e+00 -6.619678999999999647e+00 -6.451734000000000080e+00 -6.387744999999999784e+00 -6.116755999999999638e+00 -6.372803000000000218e+00 -7.742612000000000272e+00
-6.218080999999999747e+00 -6.354664999999999786e+00 -6.369902999999999871e+00 -6.416458999999999691e+00 -6.365972000000000186e+00 -6.613552000000000319e+00 -7.018213000000000257e+00 -7.219545000000000101e+00 -8.008725000000000094e+00 -9.861084999999999212e+00
