-8.558633999999999631e+00 -8.691290999999999656e+00 -8.614758999999999389e+00 -8.508732999999999436e+00 -8.392614999999999270e+00 -8.396096000000000004e+00 -8.664647999999999683e+00 -8.769792000000000698e+00 -8.463381999999999294e+00 -8.444383999999999446e+00
-8.700831000000000870e+00 -8.604136999999999702e+00 -8.472602999999999440e+00 -8.509529000000000565e+00 -8.534845000000000681e+00 -8.469101999999999464e+00 -8.464461000000000013e+00 -8.420662999999999343e+00 -8.189092000000000482e+00 -8.153622000000000369e+00
-8.700288000000000466e+00 -8.266031999999999158e+00 -8.170083999999999236e+00 -8.477038000000000295e+00 -8.636036999999999964e+00 -8.335288999999999504e+00 -7.964249999999999829e+00 -7.872009000000000256e+00 -7.904632999999999576e+00 -7.882086000000000148e+00
-8.944240000000000634e+00 -8.240137999999999963e+00 -8.037447999999999482e+00 -8.477017999999999276e+00 -8.794416999999999263e+00 -8.407199000000000311e+00 -7.766360999999999848e+00 -7.595551000000000386e+00 -7.812490999999999630e+00 -7.856406999999999918e+00
-9.280148000000000508e+00 -8.584787999999999641e+00 -8.261801999999999424e+00 -8.666185000000000471e+00 -9.196315999999999491e+00 -9.047015999999999281e+00 -8.411148999999999987e+00 -8.053705000000000780e+00 -8.142754000000000048e+00 -8.160629999999999384e+00
-8.992974000000000245e+00 -8.690481999999999374e+00 -8.487266999999999229e+00 -8.788213999999999970e+00 -9.349709999999999965e+00 -9.506944000000000727e+00 -9.139559000000000211e+00 -8.687787000000000148e+00 -8.392120999999999498e+00 -8.185325999999999880e+00
-8.282802999999999471e+00 -8.348141000000000034e+00 -8.448805000000000121e+00 -8.623896999999999480e+00 -8.847808000000000561e+00 -8.908148999999999873e+00 -8.867736000000000729e+00 -8.694525000000000503e+00 -8.262902000000000413e+00 -7.779698999999999920e+00
-8.107236999999999583e+00 -8.021625000000000227e+00 -8.287195999999999785e+00 -8.438931999999999434e+00 -8.234740000000000393e+00 -7.888895999999999908e+00 -7.985675999999999775e+00 -8.340555999999999415e+00 -8.219898999999999845e+00 -7.653979999999999784e+00
-8.596572999999999354e+00 -7.897389000000000436e+00 -8.097250000000000725e+00 -8.445073999999999970e+00 -8.198033999999999821e+00 -7.562759999999999927e+00 -7.569772999999999641e+00 -8.233052000000000703e+00 -8.542301000000000144e+00 -8.087842999999999449e+00
-9.166185000000000471e+00 -7.925538000000000416e+00 -7.903208000000000233e+00 -8.482846999999999582e+00 -8.494623999999999953e+00 -7.864381999999999984e+00 -7.611469999999999736e+00 -8.138009999999999522e+00 -8.593621000000000620e+00 -8.347509000000000512e+00
